TP : 99
FP : 42
TN : 23
FN : 53

---------------------

P : 152
N : 65
TPR : 0.6513157894736842
FPR : 0.6461538461538462

---------------------

Recall : 0.6513157894736842
Precision : 0.7021276595744681
Accuracy : 0.5622119815668203
