TP : 113
FP : 32
TN : 33
FN : 39

---------------------

P : 152
N : 65
TPR : 0.743421052631579
FPR : 0.49230769230769234

---------------------

Recall : 0.743421052631579
Precision : 0.7793103448275862
Accuracy : 0.6728110599078341
