TP : 128
FP : 33
TN : 32
FN : 24

---------------------

P : 152
N : 65
TPR : 0.8421052631578947
FPR : 0.5076923076923077

---------------------

Recall : 0.8421052631578947
Precision : 0.7950310559006211
Accuracy : 0.7373271889400922
