TP : 59
FP : 20
TN : 33
FN : 11

---------------------

P : 70
N : 53
TPR : 0.8428571428571429
FPR : 0.37735849056603776

---------------------

Recall : 0.8428571428571429
Precision : 0.7468354430379747
Accuracy : 0.7479674796747967
