TP : 55
FP : 31
TN : 22
FN : 15

---------------------

P : 70
N : 53
TPR : 0.7857142857142857
FPR : 0.5849056603773585

---------------------

Recall : 0.7857142857142857
Precision : 0.6395348837209303
Accuracy : 0.6260162601626016
