TP : 95
FP : 30
TN : 35
FN : 57

---------------------

P : 152
N : 65
TPR : 0.625
FPR : 0.46153846153846156

---------------------

Recall : 0.625
Precision : 0.76
Accuracy : 0.5990783410138248
