TP : 43
FP : 21
TN : 32
FN : 27

---------------------

P : 70
N : 53
TPR : 0.6142857142857143
FPR : 0.39622641509433965

---------------------

Recall : 0.6142857142857143
Precision : 0.671875
Accuracy : 0.6097560975609756
