TP : 42
FP : 12
TN : 53
FN : 110

---------------------

P : 152
N : 65
TPR : 0.27631578947368424
FPR : 0.18461538461538463

---------------------

Recall : 0.27631578947368424
Precision : 0.7777777777777778
Accuracy : 0.4377880184331797
