TP : 110
FP : 35
TN : 30
FN : 42

---------------------

P : 152
N : 65
TPR : 0.7236842105263158
FPR : 0.5384615384615384

---------------------

Recall : 0.7236842105263158
Precision : 0.7586206896551724
Accuracy : 0.6451612903225806
