TP : 38
FP : 16
TN : 37
FN : 32

---------------------

P : 70
N : 53
TPR : 0.5428571428571428
FPR : 0.3018867924528302

---------------------

Recall : 0.5428571428571428
Precision : 0.7037037037037037
Accuracy : 0.6097560975609756
