TP : 96
FP : 35
TN : 30
FN : 56

---------------------

P : 152
N : 65
TPR : 0.631578947368421
FPR : 0.5384615384615384

---------------------

Recall : 0.631578947368421
Precision : 0.732824427480916
Accuracy : 0.5806451612903226
