TP : 38
FP : 19
TN : 34
FN : 32

---------------------

P : 70
N : 53
TPR : 0.5428571428571428
FPR : 0.3584905660377358

---------------------

Recall : 0.5428571428571428
Precision : 0.6666666666666666
Accuracy : 0.5853658536585366
