TP : 95
FP : 33
TN : 32
FN : 57

---------------------

P : 152
N : 65
TPR : 0.625
FPR : 0.5076923076923077

---------------------

Recall : 0.625
Precision : 0.7421875
Accuracy : 0.5852534562211982
