TP : 49
FP : 16
TN : 37
FN : 21

---------------------

P : 70
N : 53
TPR : 0.7
FPR : 0.3018867924528302

---------------------

Recall : 0.7
Precision : 0.7538461538461538
Accuracy : 0.6991869918699187
