TP : 58
FP : 18
TN : 35
FN : 12

---------------------

P : 70
N : 53
TPR : 0.8285714285714286
FPR : 0.33962264150943394

---------------------

Recall : 0.8285714285714286
Precision : 0.7631578947368421
Accuracy : 0.7560975609756098
