TP : 46
FP : 16
TN : 37
FN : 24

---------------------

P : 70
N : 53
TPR : 0.6571428571428571
FPR : 0.3018867924528302

---------------------

Recall : 0.6571428571428571
Precision : 0.7419354838709677
Accuracy : 0.6747967479674797
