TP : 106
FP : 35
TN : 30
FN : 46

---------------------

P : 152
N : 65
TPR : 0.6973684210526315
FPR : 0.5384615384615384

---------------------

Recall : 0.6973684210526315
Precision : 0.75177304964539
Accuracy : 0.6267281105990783
