TP : 118
FP : 34
TN : 31
FN : 34

---------------------

P : 152
N : 65
TPR : 0.7763157894736842
FPR : 0.5230769230769231

---------------------

Recall : 0.7763157894736842
Precision : 0.7763157894736842
Accuracy : 0.6866359447004609
