TP : 46
FP : 24
TN : 29
FN : 24

---------------------

P : 70
N : 53
TPR : 0.6571428571428571
FPR : 0.4528301886792453

---------------------

Recall : 0.6571428571428571
Precision : 0.6571428571428571
Accuracy : 0.6097560975609756
