TP : 48
FP : 21
TN : 32
FN : 22

---------------------

P : 70
N : 53
TPR : 0.6857142857142857
FPR : 0.39622641509433965

---------------------

Recall : 0.6857142857142857
Precision : 0.6956521739130435
Accuracy : 0.6504065040650406
