TP : 125
FP : 34
TN : 31
FN : 27

---------------------

P : 152
N : 65
TPR : 0.8223684210526315
FPR : 0.5230769230769231

---------------------

Recall : 0.8223684210526315
Precision : 0.7861635220125787
Accuracy : 0.7188940092165899
