TP : 49
FP : 14
TN : 39
FN : 21

---------------------

P : 70
N : 53
TPR : 0.7
FPR : 0.2641509433962264

---------------------

Recall : 0.7
Precision : 0.7777777777777778
Accuracy : 0.7154471544715447
