TP : 31
FP : 11
TN : 42
FN : 39

---------------------

P : 70
N : 53
TPR : 0.44285714285714284
FPR : 0.20754716981132076

---------------------

Recall : 0.44285714285714284
Precision : 0.7380952380952381
Accuracy : 0.5934959349593496
