TP : 38
FP : 17
TN : 36
FN : 32

---------------------

P : 70
N : 53
TPR : 0.5428571428571428
FPR : 0.32075471698113206

---------------------

Recall : 0.5428571428571428
Precision : 0.6909090909090909
Accuracy : 0.6016260162601627
