TP : 51
FP : 22
TN : 31
FN : 19

---------------------

P : 70
N : 53
TPR : 0.7285714285714285
FPR : 0.41509433962264153

---------------------

Recall : 0.7285714285714285
Precision : 0.6986301369863014
Accuracy : 0.6666666666666666
