TP : 86
FP : 25
TN : 40
FN : 66

---------------------

P : 152
N : 65
TPR : 0.5657894736842105
FPR : 0.38461538461538464

---------------------

Recall : 0.5657894736842105
Precision : 0.7747747747747747
Accuracy : 0.5806451612903226
