TP : 87
FP : 30
TN : 35
FN : 65

---------------------

P : 152
N : 65
TPR : 0.5723684210526315
FPR : 0.46153846153846156

---------------------

Recall : 0.5723684210526315
Precision : 0.7435897435897436
Accuracy : 0.5622119815668203
