TP : 50
FP : 27
TN : 26
FN : 20

---------------------

P : 70
N : 53
TPR : 0.7142857142857143
FPR : 0.5094339622641509

---------------------

Recall : 0.7142857142857143
Precision : 0.6493506493506493
Accuracy : 0.6178861788617886
