TP : 41
FP : 23
TN : 30
FN : 29

---------------------

P : 70
N : 53
TPR : 0.5857142857142857
FPR : 0.4339622641509434

---------------------

Recall : 0.5857142857142857
Precision : 0.640625
Accuracy : 0.5772357723577236
