TP : 35
FP : 6
TN : 47
FN : 35

---------------------

P : 70
N : 53
TPR : 0.5
FPR : 0.11320754716981132

---------------------

Recall : 0.5
Precision : 0.8536585365853658
Accuracy : 0.6666666666666666
