TP : 43
FP : 19
TN : 34
FN : 27

---------------------

P : 70
N : 53
TPR : 0.6142857142857143
FPR : 0.3584905660377358

---------------------

Recall : 0.6142857142857143
Precision : 0.6935483870967742
Accuracy : 0.6260162601626016
