TP : 54
FP : 26
TN : 27
FN : 16

---------------------

P : 70
N : 53
TPR : 0.7714285714285715
FPR : 0.49056603773584906

---------------------

Recall : 0.7714285714285715
Precision : 0.675
Accuracy : 0.6585365853658537
