TP : 55
FP : 30
TN : 23
FN : 15

---------------------

P : 70
N : 53
TPR : 0.7857142857142857
FPR : 0.5660377358490566

---------------------

Recall : 0.7857142857142857
Precision : 0.6470588235294118
Accuracy : 0.6341463414634146
