TP : 74
FP : 28
TN : 37
FN : 78

---------------------

P : 152
N : 65
TPR : 0.4868421052631579
FPR : 0.4307692307692308

---------------------

Recall : 0.4868421052631579
Precision : 0.7254901960784313
Accuracy : 0.511520737327189
