TP : 29
FP : 9
TN : 44
FN : 41

---------------------

P : 70
N : 53
TPR : 0.4142857142857143
FPR : 0.16981132075471697

---------------------

Recall : 0.4142857142857143
Precision : 0.7631578947368421
Accuracy : 0.5934959349593496
