TP : 49
FP : 15
TN : 50
FN : 103

---------------------

P : 152
N : 65
TPR : 0.3223684210526316
FPR : 0.23076923076923078

---------------------

Recall : 0.3223684210526316
Precision : 0.765625
Accuracy : 0.45622119815668205
