TP : 28
FP : 15
TN : 38
FN : 42

---------------------

P : 70
N : 53
TPR : 0.4
FPR : 0.2830188679245283

---------------------

Recall : 0.4
Precision : 0.6511627906976745
Accuracy : 0.5365853658536586
