TP : 57
FP : 13
TN : 40
FN : 13

---------------------

P : 70
N : 53
TPR : 0.8142857142857143
FPR : 0.24528301886792453

---------------------

Recall : 0.8142857142857143
Precision : 0.8142857142857143
Accuracy : 0.7886178861788617
