TP : 117
FP : 35
TN : 30
FN : 35

---------------------

P : 152
N : 65
TPR : 0.7697368421052632
FPR : 0.5384615384615384

---------------------

Recall : 0.7697368421052632
Precision : 0.7697368421052632
Accuracy : 0.6774193548387096
