TP : 75
FP : 31
TN : 34
FN : 77

---------------------

P : 152
N : 65
TPR : 0.4934210526315789
FPR : 0.47692307692307695

---------------------

Recall : 0.4934210526315789
Precision : 0.7075471698113207
Accuracy : 0.5023041474654378
