TP : 44
FP : 27
TN : 26
FN : 26

---------------------

P : 70
N : 53
TPR : 0.6285714285714286
FPR : 0.5094339622641509

---------------------

Recall : 0.6285714285714286
Precision : 0.6197183098591549
Accuracy : 0.5691056910569106
